1990  9.84  103.1  14.39  36241  1510.2  686.7  2281
1991  10.32 103.4  12.98  36965  1700.6  590    2452
1992  10.65 106.4  11.60  38421  2026.6  625    2635
1993  10.49 114.7  11.45  39300  2577.4  726.7  2854
1994  9.16  124.1  11.21  41462  3496.2  1004.2 3205
1995  10.18 117.1  10.55  44169  4283    1576.7 3648
1996  14.96 107.9  10.42  36284  4838.9  1481.7 3158
1997  11.81 102.8  10.06  40035  5160.3  1150.8 3596
1998  10.77 99.2   9.14   42256  5425.1  1269.2 3884
1999  8.38  98.6   8.18   43020  5854    1092.5 3891
2000  8.74  100.4  7.58   44682  6280    887.5  4031
2001  10.18 100.7  6.95   45743  6859.6  1060   4184
2002  9.85  99.2   6.45   46292  7702.8  1033.3 4327
2003  10.7  101.2  6.01   46602  8472.2  1087.5 4519
2004  13.97 103.9  5.87   48189  9421.6  1288.3 4702
2005  13.39 101.8  5.89   50335  10493   1229.2 5011
2006  14.03 101.5  5.28   49441  13172   1280   5197     