1  2.00   4.00    4.0   1.26  1.0  6.0   6.0    180.23
2  3.00   1.58    40.0  1.25  1.0  5.0   5.0    182.61
3  16.60  23.78   40.4  1.0   1.0  13.0  13.0   164.38
4  7.00   2.37    168.0 1.0   1.0  7.0   8.0    284.55
5  5.30   1.67    42.5  7.79  3.0  25.0  25.0   199.92
6  16.50  8.25    168.0 1.12  2.0  19.0  19.0   267.38
7  25.89  3.00    40.0  0.0   3.0  36.0  36.0   990.09
8  44.42  159.75  168.0 0.60  18.0 48.0  48.0   1103.24
9  39.63  50.86   40.0  27.37 10.0 77.0  77.0   944.21
10 31.92  40.08   168.0 5.52  6.0  47.0  47.0   931.84
11 97.33  255.08  168.0 19.0  6.0  165.0 130.0  2268.06 
12 56.63  373.42  168.0 6.03  4.0  36.0  37.0   1489.50
13 96.67  206.67  168.0 17.86 14.0 120.0 120.0  1891.70
14 54.38  207.08  168.0 7.77  6.0  66.0  66.0   1387.82
15 113.88 981.00  168.0 24.48 6.0  166.0 179.0  3559.92
16 149.58 233.83  168.0 31.07 14.0 185.0 202.0  3115.29
17 134.32 145.82  168.0 25.99 12.0 192.0 192.0  2227.76
18 188.74 937.00  168.0 45.44 26.0 237.0 237.0  4804.24
19 110.24 410.00  168.0 20.05 12.0 115.0 115.0  2628.32
20 96.83  677.33  168.0 20.31 10.0 302.0 210.0  1880.84
21 102.33 288.83  168.0 21.01 14.0 131.0 131.0  3036.63
22 274.92 695.25  168.0 46.63 58.0 363.0 363.0  5539.98
23 811.08 714.33  168.0 22.76 17.0 242.0 242.0  3534.49
24 384.50 1473.66 168.0 7.36  24.0 540.0 453.0  8266.77
25 95.00  368.00  168.0 30.26 9.0  292.0 196.0  1845.89    